-1 -1 -1 -1 -1 -1 -1 -1 -1 -1 -1 -1 -1 -1 -1
-1 -2 00 01 02 03 -1 04 05 06 07 08 -1 -2 -1
-1 09 10 -1 -1 11 -1 -1 -1 -1 -1 12 -1 13 -1
-1 14 -1 -1 -1 15 -1 -1 16 17 19 20 21 22 -1
-1 23 -1 -1 -1 24 -1 -1 25 -1 -1 -3 -1 26 -1
-1 27 28 29 30 31 -1 -1 32 -1 -1 -1 -1 33 -1
-1 34 -1 -1 -1 -1 -1 -1 35 -1 -1 -1 -1 36 -1
-1 37 38 39 40 41 42 43 44 -1 -1 -1 -1 45 -1
-1 46 -1 -1 -1 -1 -1 -1 47 -1 -1 -1 -1 48 -1
-1 49 50 51 52 53 54 55 56 -3 -1 -1 -1 57 -1
-1 58 -1 -1 -1 -1 -1 -1 59 60 61 62 63 64 -1
-1 65 66 67 68 69 70 71 72 -1 -1 -1 -1 73 -1
-1 74 -1 -1 -1 -1 -1 -1 75 76 77 78 79 80 -1
-1 -2 81 82 83 84 85 86 87 88 89 90 91 -2 -1
-1 -1 -1 -1 -1 -1 -1 -1 -1 -1 -1 -1 -1 -1 -1